-1
83
84
85
86
90
91
92
93
95
96
104
107
108
109
110
111
112
113
116
117
118
119
120
122
126
127
128
131
133
135
141
145
149
150
151
153
155
156
160
161
163
166
171
173
181
185
206
220
225
227
232
237
247
282
310
311
312
318
319
321
322
326
329
339
340
341
355
380
386
388
389
393
402
403
406
409
410
411
413
417
420
422
423
424
426
428
429
431
432
433
434
437
438
439
440
442
445
447
448
449
451
452
454
455
459
460
461
462
463
464
465
466
467
470
474
475
477
478
479
480
481
482
483
485
486
488
489
490
491
492
494
495
496
498
501
503
514
520
523
525
526
529
531
535
536
537
541
551
552
554
555
557
560
563
564
565
566
571
572
577
580
597
682
699
701
708
709
714
722
724
725
727
729
730
732
737
738
744
749
751
758
764
770
771
782
783
784
789
790
849
850
851
858
859
870
871
968
982
988
989
990
994
995
996
998
999
1000
1001
1002
1003
1004
1005
1006
1007
1008
1009
1010
1011
1012
1013
1014
1015
1016
1017
1018
1019
1020
1021
1022
1023
1024
1025
1026
1027
1028
1029
1030
1031
1032
1035
1036
1038
1039
1040
1041
1044
1046
1054
1056
1057
1058
1062
1063
1066
1067
1069
1071
1075
1076
1078
1079
1080
1084
1085
1098
1102
1107
1108
1111
1125
1126
1134
1151
1189
1279
1380
1399
1406
1411
1418
1423
1447
1461
1467
1475
1477
1486
1514
1527
1539
1543
1544
1556
1557
1584
1617
1620
1624
1697
1698
1727
1729
1732
1736
1747
1749
1750
1754
1755
1756
1759
1780
1783
1784
1785
1792
1828
1830
1840
1841
1876
1880
1881
1912
1913
1915
1916
1929
1946
2018
2061
2142
2167
2176
2273
2435
2478
2481
2488
2697
2713
2847
2848
2869
2872
2880
2882
2901
2924
2925
2932
2967
2984
2997
3006
3010
3030
3039
3040
3052
3053
3054
3055
3057
3077
3078
3079
3082
3101
3102
3117
3125
3142
3169
3176
3178
3183
3184
3185
3186
3187
3190
3193
3202
3203
3210
3213
3214
3220
3222
3225
3234
3235
3240
3243
3244
3251
3252
3273
3277
3278
3281
3282
3286
3287
3301
3326
3327
3359
3369
3370
3376
3383
3384
3387
3389
3398
3433
3454
3472
3479
3560
3576
3577
3581
3586
3587
3588
3589
3603
3606
3670
3671
3672
3674
3684
3698
3708
3710
3726
3742
3752
3755
3778
3784
3785
3786
3788
3789
3790
3793
3799
3800
3806
3807
3809
3811
3814
3816
3817
3818
3820
3827
3853
3859
3875
3876
3877
3878
3879
3880
3885
3902
3930
3935
3940
3980
3987
3998
4002
4003
4005
4010
4013
4021
4022
4025
4026
4037
4042
4046
4051
4053
4057
4062
4072
4074
4075
4076
4077
4130
4143
4232
4235
4243
4251
4255
4256
4260
4262
4263
4265
4308
4320
4321
4322
4334
4349
4355
4356
4361
4364
4370
4382
4422
4423
4429
4430
4432
4456
4462
4463
4524
4570
4575
4597
4599
4635
4636
4646
4657
4658
4661
4684
4708
4718
4733
4734
4745
4756
4765
4824
4849
4853
4865
4869
4870
4890
4902
4903
4904
4908
4909
4910
4922
4923
4924
4932
4942
4943
4945
4947
4949
4950
4951
4952
4955
4956
4963
4974
4975
4978
4984
4992
4994
5016
5017
5018
5019
5024
5030
5031
5032
5037
5038
5039
5047
5050
5056
5066
5078
5080
5084
5086
5164
5165
5172
5175
5182
5184
5189
5190
5192
5193
5199
5202
5211
5218
5237
5240
5241
5242
5250
5252
5253
5254
5255
5256
5257
5258
5262
5268
5275
5277
5287
5304
5305
5319
5327
5332
5336
5339
5343
5350
5351
5355
5364
5365
5370
5373
5374
5385
5386
5389
5392
5394
5400
5404
5406
5408
5421
5428
5429
5430
5431
5446
5448
5449
5456
5458
5459
5464
5465
5467
5474
5487
5499
5506
5508
5513
5522
5527
5561
5565
5582
5585
5587
5591
5596
1000026
1000034
1000037
1000044
1000045
1000046
1000047
1000055
1000058
1000060
1000062
1000063
1000067
1000069
1000070
1000075
1000078
1000083
1000087
1000089
1000090
1000103
1000106
1000116
1000118
1000119
1000123
1000126
1000128
1000134
1000135
1000136
1000137
1000138
1000139
1000140
1000144
1000149
1000172
1000176
1000179
1000180
1000193
1000217
1000218
1000224
1000233
1000247
1000271
1000274
1000275
1000276
1000277
1000278
1000279
1000280
1000281
1000283
1000287
1000288
1000290
1000297
1000308
1000311
1000317
1000322
1000323
1000349
1000379
1000388
1000396
1000412
1000439
1000441
1000451
1000485
1000486
1000487
1000492
1000493
1000494
1000497
1000501
1000528
1000533
1000543
1000545
1000557
1000569
1000570
1000576
1000582
1000583
1000588
1000590
1000593
1000595
1000597
1000600
1000603
1000605
1000650
1000728
1000777
1000781
1000792
1000793
1000794
1000795
1000798
1000802
1000812
1000813
1000816
1000817
1000819
1000821
1000822
1000823
1000825
1000829
1000832
1000903
1000908
1000917
1000924
1000926
1000927
1000942
1000972
1000985
1000987
1000988
1000989
1000998
1001000
1001002
1001003
1001019
1001028
1001029
1001035
1001038
1001042
1001049
1001052
1001055
1001067
1001071
1001074
1001076
1001078
1001088
1001090
1001161
1001173
1001190
1001191
1001192
1001193
1001194
1001213
1001214
1001218
1001224
1001226
1001238
1001240
1001241
1001244
1001249
1001250
1001251
1001252
1001253
1001264
1001266
1001267
1001270
1001271
1001272
1001274
1001275
1001276
1001285
1001286
1001287
1001288
1001289
1001311
1001312
1001313
1001314
1001317
1001332
1001335
1001367
1001374
1001385
1001386
1001387
1001389
1001394
1001395
1001396
1001420
1001421
1001423
1001425
1001428
1001443
1001449
1001450
1001453
1001454
1001455
1001473
1001482
1001508
1001548
1001555
1001582
1001587
1001588
1001599
1001694
1001700
1001708
1001710
1001717
1001724
1001767
1001799
1001809
1001836
1001848
1001860
1001909
1001915
1001916
1001918
1001919
1001931
1001962
1001972
1001973
1001976
1001977
1001978
1001999
1002000
1002034
1002066
1002100
1002132
1002133
1002153
1002154
1002188
1002201
1002216
1002236
1002274
1002304
1002325
1002326
1002327
1002328
1002329
1002337
1002338
1002340
1002374
1002376
1002377
1002378
1002387
1002396
1002401
1002402
1002407
1002409
1002410
1002411
1002415
1002416
1002417
1002421
1002423
1002434
1002436
1002437
1002438
1002443
1002447
1002448
1002612
1002726
1002763
1002765
1002778
1002792
1002852
1002854
1002863
1002889
1002894
1002902
1002909
1002917
1002923
1002964
1002975
1002978
1002979
1002980
1002981
1002982
1003033
1003039
1003072
1003079
1003104
1003108
1003112
1003116
1003123
1003126
1003135
1003142
1003143
1003146
1003150
1003172
1003179
1003181
1003182
1003184
1003201
1003202
1003205
1003206
1003218
1003219
1003224
1003244
1003270
1003291
1003339
1003344
1003355
1003363
1003367
1003374
1003407
1003408
1003411
1003413
1003416
1003418
1003420
1003426
1003430
1003464
1003465
1003475
1003480
1003491
1003492
1003498
1003500
1003502
1003516
1003521
1003524
1003525
1003535
1003627
1003651
1003652
1003653
1003667
1003676
1003688
1003689
1003690
1003706
1003707
1003720
1003734
1003745
1003757
1003762
1003764
1003766
1003782
1003813
1003822
1003843
1003858
1003859
1003860
1003864
1003867
1003872
1003873
1003877
1003878
1003887
1003888
1003889
1003892
1003894
1003896
1003897
1003898
1003900
1003913
1003943
1003983
1004001
1004039
1004056
1004080
1004081
1004082
1004156
1004164
1004190
1004193
1004196
1004212
1004225
1004226
1004240
1004244
1004256
1004284
1004287
1004296
1004297
1004298
1004299
1004302
1004311
1004340
1004346
1004372
1004398
1004411
1004414
1004422
1004452
1004455
1004457
1004458
1004487
1004491
1004496
1004497
1004515
1004527
1004530
1004540
1004591
1004638
1004639
1004645
1004650
1004654
1004655
1004666
1004668
1004681
1004683
1004684
1004698
1004711
1004718
1004748
1004771
1004774
1004780
1004805
1004806
1004822
1004926
1004927
1004936
1004977
1004986
1005044
1005046
1005047
1005097
1005105
1005120
1005129
1005130
1005140
1005143
1005164
1005176
1005185
1005186
1005207
1005208
1005224
1005225
1005232
1005233
1005257
1005263
1005270
1005271
1005274
1005282
1005307
1005308
1005309
1005311
1005312
1005318
1005335
1005352
1005353
1005362
1005429
1005433
1005450
1005455
1005462
1005485
1005502
1005545
1005548
1005624
1005625
1005635
1005650
1005693
1005705
1005706
1005728
1005812
1005813
1005842
1005877
1005927
1005952
1005954
1005955
1005956
1005960
1005973
1005983
1006016
1006017
1006034
1006035
1006036
1006064
1006068
1006078
1006079
1006081
1006082
1006106
1006121
1006132
1006135
1006136
1006177
1006214
1006216
1006227
1006253
1006254
1006258
1006274
1006276
1006277
1006279
1006284
1006285
1006292
1006303
1006312
1006317
1006399
1006401
1006404
1006412
1006432
1006475
1006477
1006478
1006515
1006519
1006587
1006589
1006590
1006591
1006598
1006624
1006625
1006626
1006633
1006634
1006639
1006644
1006647
1006648
1006662
1006663
1006670
1006680
1006681
1006682
1006710
1006718
1006730
1006740
1006765
1006775
1006778
1006783
1006786
1006866
1006904
1006912
1006926
1006930
1006931
1006939
1006940
1006947
1006955
1006956
1006989
1007112
1007235
1007236
1007256
1007258
1007345
1007346
1007395
1007400
1007401
1007415
1007466
1007478
1007479
1007493
1007495
1007501
1007517
1007556
1007621
1007658
1007692
1007792
1007793
1007794
1007797
1007808
1007858
1007904
1007905
1007954
1008075
1008130
1008141
1008162
1008164
1008237
1008285
1008318
1008354
1008363
1008372
1008402
1008403
1008415
1008457
1008458
1008488
1008489
1008503
1008505
1008526
1008541
1008554
1008564
1008565
1008585
1008586
1008691
1008724
1008742
1008948
1008961
1008962
1008987
1009080
1009280
1009329
1009335
1009403
1009456
1009459
1009473
1009538
1009569
1009578
1009689
1009768
1009847
1009871
1009875
1009900
1009901
1009904
1009908
1009917
1009922
1009924
1009926
1009928
1009941
1009959
1010024
1010119
1010177
1010282
1010309
1010343
1010484
1010510
1010552
1010553
1010589
1010595
1010596
1010597
1010604
1010608
1010737
1010832
1010851
1010898
1010915
1010917
1010920
1010942
1011001
1011072
1011073
1011074
1011311
1011312
1011314
1011467
1011550
1011556
1011566
1011719
1011725
1011726
1011808
1012021
1012169
1012214
1012222
1012270
1012271
1012417
1012521
1012523
1012591
1012592
1012632
1012634
1012665
1012666
1012684
1012745
1012757
1012781
1012783
1012789
1012822
1012861
1012891
1012930
1012931
1012932
1012938
1012939
1013018
1013045
1013059
1013113
1013123
1013179
1013216
1013233
1013244
1013272
1013273
1013277
1013278
1013280
1013281
1013282
1013283
1013284
5003505
5003507
5003509
5003511
5003513
5003514
5003517
5003518
5003522
5004615
5004903
5004905
5005214
5005807
5005810
5005811
5005816
5005826
5005827
5006818
5006821
5006839
5006840
5006842
5006854
5006859
5006868
5008811
5009103
5009908
5009910
5009913
5009919
5009922
5009923
5009924
5009925
5009940
5009942
5009948
5009949
5009950
5009962
5009965
5009968
5009970
5021330
5023357
5023933
5025020
5025027
5025028
5025725
5025736
5025737
5025739
5025742
5025744
5025746
5025748
5025750
5026509
5026513
5026515
5026526
5026527
5026528
5026529
5027709
5027713
5028103
5028127
5028131
5028133
5028137
5028144
5028145
5028147
5028175
5028200
5028211
5028214
5028215
5028860
5028861
5028895
5028903
5028904
5029327
5029328
5029330
5029331
5029335
5029343
5029344
5029345
5029346
5029347
5029348
5029349
5029350
5029352
5029353
5029354
5029356
5029357
5029919
5029920
5030808
5030809
5030816
5030822
5030823
5030825
5030827
5030828
5030829
5030833
5030838
5030839
5030846
5030852
5030855
5030858
5030859
5030860
5030866
5030868
5030869
5030874
5030875
5030876
5030881
5030882
5030883
5030884
5030887
5030893
5033606
5033607
5034603
5034906
5034908
5034911
5034914
5035304
5035305
5035307
5035309
5035311
5035312
5035314
5035315
5036607
5036608
5036611
5036612
5036613
5036614
5037111
5037112
5037113
5037117
5037118
5037123
5037124
5037125
5037127
5037129
5037131
5037132
5037133
5037606
5037609
5037616
5037622
5037624
5037625
5037630
5038212
5038213
5038214
5038230
5038251
5038272
5041019
5041020
5041021
5041022
5041028
5060408
5060409
5060418
5060425
5060431
5060432
5060433
5060435
5062209
5062234
5062239
5062264
5063820
5064863
5065408
5065440
5065477
5065478
5065500
5066328
5066329
5066330
5066332
5066334
5066337
5066340
5066606
5066660
5066685
5068143
5068146
5068722
5068724
5068752
5068754
5069324
5069325
5069328
5069329
5069335
5069336
5069346
5069348
5069350
5069363
5069365
5070520
5070524
5070542
5070553
5072013
5072017
5072025
5072060
5072063
5072085
5072091
5077410
5078209
5078517
5078534
5078542
5078543
5078549
5078568
5081713
5081717
5081718
5081721
5081732
5081733
5082504
5082505
5082507
5082553
5082554
5082555
5082585
5082618
5082628
5086621
5086909
5086910
5086915
5086916
5087309
5087310
5088238
5088239
5099809
5100915
5102616
5102619
5102621
5102639
5102640
5102645
5102647
5102681
5102682
5104310
5104808
5105103
5105107
5105124
5106010
5106011
5106530
5106531
5106545
5108107
5108119
5109809
5109814
5111711
5111719
5112214
5112244
5112248
5112249
5113208
5113408
5114052
5114053
5114065
5116271
5116282
5126031
5129374
5132125
5135825
5136861
5138789
5138822
5138823
5138825
5138828
5139459
5140511
5140517
261792387
261792773
261860183
261923551
261947085
262070992
262111754
262416818
262510125
262546236
262826768
263028215
263028336
263028568
263028724
263028938
263028965
263038003
263038460
263039546
263557328
263577976
263582188
264008348
264870902
265514894
266440683
266535674
267108970
267840634
268282527
268582593
268644737
269228775
269328444
269803286
270182579
270285265
270300271
270455340
271603363
271868320
271932588
272288581
272491170
272491304
272494928
272539575
272599195
272643135
272644168
272645624
272645691
272645763
272645845
272646114
272646490
272646791
272646950
272647051
272647322
272647351
272647438
272647468
272647569
272647636
272647650
272647733
272647842
272647863
272647957
272648021
272648148
272648359
272648429
272648470
272648638
272648731
272648894
272648906
272648985
272649003
272649093
272649247
272649350
272649482
272649503
272649677
272649772
272649831
272649892
272649999
272668611
272668874
272669269
272705896
272755799
272965024
273005640
273197255
273239736
273313691
273347415
273400572
273400906
273401376
273401405
273421699
273581158
273626838
273749300
273828482
273829850
273868614
273899115
273926975
273961916
273982040
274007009
274010240
274014120
274078792
274085155
274086593
274088903
274090042
274091020
274110016
274138057
274163055
274163678
274164120
274167034
274168283
274168284
274168286
274168322
274169796
274170537
274186940
274186941
274187728
274187882
274187943
274188137
274188170
274188172
274188173
274188174
274188279
274196237
274196505
274238308
274238465
274238588
274238589
274239031
274239757
274239874
274241642
274241721
274244838
274245114
274245119
274245213
274246336
274246785
274246950
274247055
274247779
274249076
274265779
274266083
274266101
274266272
274266488
274267715
274268336
274272979
274273005
274273219
274273499
274273791
274273982
274274365
274277213
274290416
274291011
274291108
274291936
274292803
274293067
274293069
274293070
274294349
274294982
274299371
274302289
274302420
274302490
274303269
274311126
274322347
274322465
274323162
274323242
274323243
274323253
274323766
274323923
274324458
274324590
274324678
274325139
274325219
274328978
274356946
274403685
274459074
274459093
274459158
274461984
274462095
274462165
274465569
274491682
274499874
274572486
274572682
274572712
274576576
274576689
274654454
274660561
274660789
274667413
274730133
274763308
274763337
274828375
274831819
275049905
275112471
275216338
275291339
275304099
275327580
275327672
275386823
275400638
275402215
275410978
275480335
275498642
275498707
275561399
275771342
275907995
275995897
276016170
276154369
276247226
276509394
276509663
276510291
276510455
276510636
276511226
276511403
276683164
276769205
277156960
277178573
277179058
277511101
277511443
277553666
277672804
277699489
277699747
277725561
277766552
277869070
277877824
277879584
277883111
277883272
277883280
277883423
277883946
277983973
277984437
277984555
277984600
277985095
278015219
278015229
278015234
278015244
278015259
278015297
278015308
278015316
278015330
278015345
278015360
278051619
278058659
278076833
278083873
278083874
278083876
278084642
278142458
278150584
278150596
278151169
278151215
278198078
278221837
278225880
278292483
278294565
278315279
278316468
278316537
278316598
278316606
278316705
278316782
278341349
278341414
278341618
278362312
278362336
278373922
278403586
278404079
278404168
278454186
278507569
278554815
278560548
278582506
278593036
278653903
278674389
278692655
278750169
278758975
278758984
278801240
278832543
278878142
278946662
279048227
279063628
279078495
279078565
279091650
279118257
279167548
279200952
279215454
279242742
279348718
279363068
279363175
279363382
279390112
279523186
279564591
279564979
279584838
279587536
279612475
279730455
304159624
304190514
304364295
304555767
304579488
304704992
305054169
305115273
305115646
305116009
305117102
305310772
305852150
305887015
305939627
306063851
306208567
306404260
306553572
306554132
306554373
306554584
306555092
306555402
306555809
306556180
306556267
306556703
306557002
306635527
306648015
306682076
306682093
306776639
307294113
307506677
307592512
307865458
307975649
307978920
307982988
308023686
308365788
308594249
308706130
308730628
308860590
308931773
308946377
308980983
309183131
309288975
309429412
309854301
309987427
309998711
310392580
310514379
311177779
311760311
311831435
311937502
311937901
311938205
311988840
311989879
311990165
311990987
311997900
311999280
312006509
312007278
312033042
312112833
312125975
312140707
312224804
312268842
312364889
312392309
312459787
312594955
312864424
312921784
312921794
313489044
313491547
313785660
313785873
313904639
313905022
314013889
314033831
314102889
314127623
314258251
314362933
314480906
314489669
314494768
314713911
314718661
314722326
314722624
314722681
314779157
314845035
314861152
314911181
314911451
314921471
314922198
314923689
314924553
315037073
315227556
315359484
315415876
315453316
315457236
315464997
315472322
315477886
315482878
315490672
315513822
315596062
315617160
315638527
315644324
315686016
315715588
315750173
315757044
315769640
315782898
315795092
315795902
315799895
315858545
315904551
315905382
315941922
315966164
315968380
316038168
316049315
316079306
316111683
316121273
316122998
316123002
316123227
316218072
316219096
316234651
316272549
316272617
316286454
316309509
316310469
316310887
316374874
316375285
316429109
316446020
316450840
316453577
316478142
316488419
316500039
316500606
316575916
316576967
316608448
316608465
316609697
316615285
316617700
316724681
316731232
316778408
316794340
316805192
316805634
316811373
316834756
316836647
316892204
316990208
317036650
317043886
317097412
317140263
317159994
317219120
317242002
317256942
317302568
317339127
317341285
317397400
317458323
317500434
317532677
317557846
317597555
317597686
317598403
317607234
317691047
317693313
317705454
317718051
317722054
317731432
317930659
317934059
317962571
317962622
317962656
318047576
318051849
318055432
318071790
318073519
318082554
318088227
318090824
318261872
318282183
318318724
318421124
318505544
318506784
318532041
318603700
318689872
318726497
318762187
318803856
318815428
318848982
318958924
318992105
319004693
319049345
319058999
319109918
319113683
319113812
319130642
319185099
319219711
319231009
319231483
319232577
319340372
319530980
319564204
319565689
319611852
319623243
319722425
319787342
319795275
319969669
319975236
320057813
320105155
320124444
320127041
320168120
320250153
320269937
320326270
320361294
320363480
320465646
320517576
320616598
320697645
320719932
320741425
320788418
320814208
320844925
320869433
320973452
320988391
321003309
321091915
321114750
321222204
321257084
321260529
321264412
321307492
321392189
321392895
321428130
321430017
321430757
321579947
321591190
321591262
321591328
321700155
321705065
321707353
321805508
321845199
321866878
321907753
322028081
322106049
322180638
322344811
322346864
322363843
322380624
322450462
322469549
322473590
322537475
322661284
322697643
322733326
322771391
322844521
322867147
322995914
323068745
323122692
323122718
323126179
323141379
323236667
323249289
323250544
323374993
323395366
323479606
323519765
323521769
323540438
323579152
323669191
323708451
323723408
323761125
323773277
323791622
323796548
323934995
324053944
324084521
324310180
324444244
324514470
324561803
324581161
324640833
324660040
324700632
324757491
324768626
324768637
324768639
324808283
324809912
324823855
324902797
324902798
325021329
325062543
325068177
325072224
325088739
325144776
325195491
325195855
325216564
325233787
325430376
325502897
325542366
325563951
325564907
325566065
325677862
325914502
325922824
325993802
326058537
326144690
326199795
326202699
326250361
326254826
326284408
326295394
326465165
326503596
326517794
326609106
326631522
326632974
326633532
326777731
326778061
326838681
326903114
326908736
326954575
326969761
327047719
327097626
327110214
327120764
327156433
327201219
327407053
327502345
327524828
327596751
327658882
327670746
327704036
327715664
327808669
327810359
327830690
327928509
328023679
328036279
328084765
328085256
328094236
328094466
328095071
328097074
328171192
328376327
328430379
328812995
328833853
328892794
328953150
329085097
329103654
329220298
329278549
329283077
329319690
329621228
329787718
329799798
329813211
329815172
329815198
329815217
329815218
329815615
329815618
329908369
329908372
329922509
329926776
329927471
329950443
330045111
330051277
330061849
330068183
330137978
330244136
330297186
330310069
330358871
330365757
330565425
330687333
330793037
330833695
330925076
330927264
330971465
331019929
331059379
331059947
331077219
331090812
331177530
331273182
331273234
331282966
331290583
331290777
331374247
331463857
331494697
331522389
331527019
331540499
331540643
331610626
331660866
331708033
331789031
331841171
331939886
332017182
332027160
332042940
332159625
332208517
332678108
332685474
332702728
332727157
332758677
332820098
332879003
332879068
332906523
332918187
332919226
332981786
333012581
333090824
333108318
333186371
333206670
333265555
333536791
333723203
333735138
333861980
333873536
333913641
333947280
334108489
334197015
334256754
334363188
334423908
334464453
334470750
334513544
334590055
334654353
334724303
334856292
334972566
335012924
335127198
335161244
335220678
335229239
335318956
335407014
335430759
335562146
335703282
335744340
335765515
335856240
335888441
335906804
335973380
336052013
336095481
336165967
336297284
336331872
336386185
336412295
336419403
336459614
336472688
336530902
336532425
336538546
336594990
336622012
336623992
336648229
336729276
336771848
336771850
336836683
336857597
336887036
336933555
336974030
337144131
337222806
337240912
337267227
337282874
337355895
337740082
337759289
337827180
338100150
338198247
338236722
338404554
338465698
338620630
338752479
338758252
338800722
338834532
338895773
338949394
338988354
339075081
339084628
339119962
339149405
339162022
339190789
339197240
339305503
339325350
339418430
339437921
339486012
339487527
339524597
339594242
339605461
339706142
339706247
339806875
339813464
339846295
339912977
339960985
340359755
340368609
340379000
340435091
340450224
340500354
340547167
340568202
340805974
341135149
341346449
341592702
342147663
343525762
343979698
344011581
344012491
344096885
344556531
345314632
345315249
345610329
345610640
345610641
345610643
345610644
345610645
345610647
345930888
346044334
346132498
346249424
346253226
346659892
346662194
346742000
346742024
346766474
347058565
347065949
347066778
347171876
347173316
347181298
347276285
347365406
347381535
347692297
347915200
348017708
348081153
348351639
348351641
348351642
348351644
348351647
348351650
348351652
348351656
348367137
348367673
348368887
348368938
348482053
348543073
348547186
348558565
348562512
348563881
348565683
348567682
348567810
348643277
348672331
348812052
348828721
348840278
348886381
348898257
348911971
348912185
348913923
348914199
348981011
348982516
348982930
348985102
348987462
348989310
348997572
349008477
349103303
349107965
349175173
349182269
349194157
349194240
349200166
349200236
349471580
349481663
349495277
349496399
349496418
349567301
349707535
349955144
349955150
349955587
349955615
349955732
349956824
349959532
349959533
349959534
349959535
349959536
349967257
349968624
349972053
349982629
350049480
350058078
350061449
350068410
350174887
350427095
350533083
350606699
350615485
350616870
350625166
350809752
351173348
351280243
351280352
351334527
351366044
351366114
351366346
351368127
351369897
351371409
351455956
351458217
351462020
351616130
352022259
352206337
352224117
352225260
352225283
352277001
352489490
352728174
352730468
352732368
352769689
352835656
352943121
353624651
353901232
353901475
353922763
353928392
353978814
353980573
353997552
354001836
354197830
354197910
354451111
354730677
354980071
354980335
354980763
354989156
354990420
354997075
354997098
355779571
356146084
356146196
356151947
356151988
356162471
356162531
356162924
356259634
356494669
356496155
356502418
356508292
356711803
356818586
356897892
357794905
358019539
358019617
358020882
358102226
358451823
358452099
358916664
359758107
359759208
359759277
359785536
359809218
359810856
360008430
360311958
360312311
360315398
360315703
360316239
360322922
360323176
360323281
360426123
360426236
360430224
360430361
360432801
360434453
360451676
361073352
361073390
361190694
361663255
362486872
362564002
362564083
362566484
362687853
362689673
362704350
363375099
363375370
363377609
363528104
363673037
363775566
364161302
364161364
364292413
364327855
364860389
